-4.313806 -0.291962 3.842442 1.304399 -0.093847 2.937154 -6.219636 
0.511159 -1.719932 -1.431342 7.040896 4.700047 -1.116203 0.108250 
-1.034118 -0.380522 4.249520 -0.204119 1.934604 0.419099 5.688657 
2.487126 -2.878633 0.406294 6.317464 2.637822 0.740342 7.227251 
-7.257017 -2.766187 -0.233963 1.082640 1.299542 1.047988 1.397199 
1.435951 -1.497512 0.623438 -3.309836 -3.862587 0.992049 -4.333743 
5.491592 -0.297415 -1.677107 -0.302491 -2.477320 0.154712 -7.155510 
5.768608 -0.100215 -0.029246 -4.937309 -2.859468 0.163648 -4.636437 
9.219221 -14.440156 -0.000990 -0.094309 -0.849748 1.004506 23.502142 
0.477336 -1.252101 -4.966812 -0.274661 0.443976 4.297400 -7.511436 
0.827642 0.552649 9.596195 -1.113481 -1.525035 -0.435990 8.956679 
-13.688270 0.105890 -0.214612 -0.144399 1.000048 -0.009170 -20.079906 
-1.117759 4.736445 -1.053491 0.053312 -3.469087 -1.766990 -4.366541 
6.120957 0.976753 -5.677923 1.244846 -1.810315 -0.091276 6.559957 
16.259077 -5.143111 -1.005836 0.492966 0.120297 0.051567 22.123742 
4.317593 -6.674210 -0.323938 3.487008 -2.322057 2.048626 -6.069008 
-3.102603 6.972493 -0.047780 0.193456 2.781121 -0.152203 10.704552 
0.629007 -0.492400 -5.515446 -0.693226 -3.161826 -1.095620 -5.338056 
1.913388 -1.738713 -2.919010 -0.012425 0.259447 -1.871181 -7.304983 
-3.676156 -2.077711 -0.110529 0.001979 2.578390 3.519373 7.385404 
-0.589495 1.241729 -0.776484 5.998749 4.465620 -0.656835 5.141298 
0.132592 -1.715739 -2.780779 -0.237262 -1.396647 4.491574 -4.709686 
0.180792 -3.005550 0.661169 0.238823 5.940021 5.583909 -5.291699 
8.057011 2.206195 -2.566791 0.087301 -2.225727 -0.715121 -7.304524 
2.095184 -3.205850 -0.319626 0.601195 -0.910971 -4.653597 5.706176 
2.687752 1.649979 0.039921 -2.109396 2.278062 -5.379060 4.676344 
1.676151 5.621921 -1.002661 6.720728 -0.039855 0.068144 -6.829770 
19.236649 5.519746 0.043598 0.065080 -1.395152 -0.480135 -25.076467 
-0.648656 0.956809 3.673396 -5.168039 1.601963 -2.209330 10.343060 
-28.723716 -6.407743 2.359467 0.404041 -0.142119 -0.072321 39.362912 
-0.335739 -0.687593 -0.281599 -4.668975 0.840147 -3.684201 -1.264876 
1.495451 3.598193 -1.390095 -4.084832 -3.006473 -1.393349 -4.411452 
1.532037 -2.914794 0.599965 -3.816138 3.158175 -1.725035 5.515072 
0.287285 2.824277 0.754245 4.676031 2.481413 0.907871 4.933553 
2.889422 2.990409 -0.805970 -3.205575 -2.567218 -1.199714 -1.646303 
2.700133 -10.162408 0.015160 -0.017645 0.543948 8.079947 -11.194617 
-5.642002 1.975503 -3.550151 -0.458381 1.455369 -6.904176 -9.870516 
4.676609 -1.252250 -0.019124 -5.522714 0.542073 -0.110933 -4.821911 
-0.195106 -4.034201 -0.401803 -4.740638 0.700700 -3.606657 -1.977799 
1.221441 -3.602627 -3.349297 0.569575 -6.441246 -1.627643 -6.144042 
2.379457 3.930474 -1.336400 -0.121887 -0.849521 2.066036 3.716514 
-0.649042 -0.339023 6.919714 -1.854695 -4.321446 -1.327416 -8.850622 
-3.225403 -0.025504 -0.171150 0.082550 0.128484 -8.440022 -5.572665 
-3.602604 -8.396865 4.357768 0.983212 0.041492 -0.031302 -9.709911 
5.655280 0.090698 -3.601306 4.983192 -1.902100 0.327088 -9.698076 
-5.021270 0.147678 -1.644633 -0.723513 2.570737 0.501759 -6.241218 
-4.765714 -1.375455 2.803006 0.407605 1.550114 0.485020 -9.478127 
-4.839641 3.762687 -3.343482 1.607967 -5.769805 -0.115106 -8.129321 
0.786720 -2.214580 1.452883 3.053405 -1.034528 2.255727 4.778626 
-2.566773 5.068499 1.216099 -1.063696 0.217633 5.758771 6.812183 

-0.607266 0.739741 -0.982304 1.637074 0.693737 0.773468 -1.868094 1.506559 -3.931844 -0.842419 0.872929 3.916512 0.740899 0.069635 4.725511 -0.832234 -1.068453 -1.461199 -1.556425 -1.123252 0.932335 1.412484 0.976532 0.944683 0.476084 -0.686964 -1.640658 3.996314 0.776152 4.666904 1.530896 -1.666878 -0.635553 -1.475558 1.126717 2.410459 0.635472 -0.935111 -1.862918 0.713407 -0.596293 -0.179388 1.301426 -2.705836 0.193814 0.643072 1.128890 -0.885468 -0.719251 0.932115 2.235915 
