-0.850994 -0.324333 -0.264022 0.014271 0.472799 0.135902 
-2.728009 -0.030126 -0.122740 0.200017 -0.258495 -0.655735 
0.953173 -0.102060 -0.048882 -0.018432 -0.204453 -0.497136 
-1.594501 0.208431 0.093134 -0.012915 0.026097 1.799417 
0.279777 -0.164727 0.739408 -0.308353 -0.464521 0.271600 
0.029906 0.221923 -0.172423 -0.130178 0.075371 1.263766 
1.125767 -0.047997 -0.007893 -0.108717 -0.477603 -0.172830 
1.226357 0.045027 0.284401 0.027793 -0.186650 0.023053 
-4.325062 -0.001715 -0.122037 0.236666 0.078940 -0.836669 
1.640699 0.041648 -0.247249 -0.213867 -0.046536 -1.039985 
3.643411 -0.209387 -0.069745 0.013491 0.139075 0.561444 
-3.286863 0.184075 -0.217237 -0.029170 -0.115400 -0.316027 
1.157586 -0.115568 -0.533929 -0.049840 0.006781 -0.196094 
-1.090935 0.213948 -0.105533 0.027727 0.065062 1.644215 
-1.411832 0.013434 0.051736 0.190489 -0.096373 2.189933 

0.815754 2.604809 -1.667562 1.995951 -0.548717 1.055086 1.677577 -1.532946 2.085968 1.964766 2.006573 -3.122092 -1.683890 1.876590 -2.749967 0.069646 
