1.076172727193567 4.729682500927037 0.23424504354324993 -30.934478563715906 58.22322574510451 -35.807834932660484 44.484123690702724 -33.44878967540147 34.1561109001121 -8.866173668444112 47.260140162307906 0.3770692173201125 0.07759339759023867 -24.392202940295174 25.358965356840866 11.008948792234285 3.6640838424991413 -30.82384861532412 37.28094859887663 16.275309968510967 19.661186091988128 -1.5174943106976693 0.37897196070448225 -0.2592119925874665 2.5537310259498445
0.840220476886023 -2.159729048899728 0.03319571265499688 -36.5262844065016 54.594592552978696 -37.12701871786803 45.33108596329318 -36.955925708784825 34.02599032881742 -11.790359284220944 45.5875977910548 -26.090391814619423 23.839204448337618 6.466946798607089 2.6044867763314725 -33.05446295787448 35.63355275400004 16.081090433126036 18.299598888544587 -5.390448201011603 0.27970942460128523 0.20175184939440596 0.4939586736417674 -3.5379785607159286 1.723722354068211
2.463860572900972 34.4270311062472 8.995818620138564 0.30226837425481223 10.698104359180897 11.602845775335005 26.329417718395362 0.4873635761135353 0.4002334752089376 36.09105874884923 34.142070691187044 78.97349760700696 2.2241505448293992 74.11116525699519 6.054220375105821 59.745288811188935 5.168620310839419 64.27233219495683 19.59244494628519 44.39554162928173 8.170227700811806 72.297429257856 6.5786512527498635 72.38179398026739 8.262198354440944
1.158520969370525 11.984835462084595 12.611036892752303 -38.3676199506219 8.384112698708215 -36.08220125444595 11.409524071303741 -19.522504354800255 9.13429558742245 -19.327506817447738 31.947344351246336 19.303285988362866 48.35587815669439 -0.384254681730128 0.0238904576866642 22.68175011973373 26.85398015202884 7.174521316892587 22.549005944297278 1.464026966127652 4.084543393581598 20.385045090474904 25.452356772309027 21.961617029075647 19.89578095239829
2.726845616132302 42.66568275701276 10.881748227965272 39.570722135603944 35.35172921033035 49.99805803558388 20.323859811846418 21.819722719335836 30.83459009516585 25.263325700372633 41.99054738129275 0.8989196331923044 0.4791516142740334 6.165595163435281 19.553699745169034 -0.2675171655680488 0.27685038744137075 25.477435767363815 24.45086491909185 0.5482241698046382 0.0076916865521249045 18.762879234813692 18.77653835356766 -0.18860802399185927 6.55339972967359
1.6145830647015682 23.383118760157526 7.8753125789922205 -13.884363356166302 32.12879391490094 -10.109991229600091 5.8061988241459 5.094525491342425 24.666375471321807 -0.3658598910987893 0.11988107904995697 19.198322678410445 42.78261242789915 20.78675133430382 2.7075808027614574 25.94612573002613 25.209973193913555 -1.482487489196159 10.906259448553426 20.792961332684285 2.107612612107892 2.9290040451750516 9.793064491606916 22.244521672732166 3.17400924400246
1.922954356620068 30.485001996166577 2.999746082882478 -11.294840139825967 42.69896598899703 9.478249914796798 34.941361627376565 -14.329202290633887 25.060336831530048 16.647589286167477 17.290737167074482 34.73693883598705 25.540478663651626 -0.14795802526218838 1.9913526337784868 19.581784837089977 16.743919397630947 -0.17511409474560338 0.3428650544199978 -0.5619014532549786 1.5192636699829105 21.49310293914682 10.877162277382245 -1.5412950601107525 2.0218387684697285
2.2006192369187323 12.997719880317344 9.968388111081566 -25.708612707951612 46.45857230978127 -28.835732772722018 28.112027089159085 -10.83648955614467 38.09872510454407 -8.588030709262465 2.4416742902594257 14.598763691999968 26.288806065647854 7.443697507714995 12.600120198934082 4.253789956092877 5.573033218087556 0.3532076791887481 0.15318991589232733 4.2710063035678525 17.126251815761346 -1.5974718695970214 0.4362249020117929 -0.9096589240023434 25.187620226929575
2.096621093918136 20.54605847623168 10.826669810212575 78.16191092116077 35.224380475679496 60.049743356475055 42.546267697314875 62.78132286621969 3.5134632352681265 29.537157023191305 17.608304110485534 1.2911344885254663 5.7523594444923285 5.059123177704569 6.854432149996998 17.347828493149777 9.281909950132071 -0.10537256392300466 0.3702744446654321 37.44994974621964 1.2890599903122322 6.803043190515463 13.024857935562338 57.45223243590533 7.323365592185587
1.5276905016889906 1.5624812118952052 0.7655673663855366 63.47939360856235 3.5691018803214334 50.42280732436778 15.110079456431805 30.727599901257122 10.262333807076391 9.142914063978841 1.7266438395621355 -15.627553581787243 18.773583571656445 -0.28899548237821077 0.25438274541522016 -12.942978129121892 4.180647671004149 0.3174462036846093 1.6685986329151286 -6.7924457310018616 23.88985619886178 4.83248821842378 23.32331930015956 30.713463479611395 10.862159018269665
2.715139681191301 28.575468747891804 8.970009740142922 42.25988992770733 47.05953778750553 43.482416731145136 29.19294140916653 13.046582640681166 27.5948586742146 0.15211081520551306 0.728757572789136 12.481950944849164 26.668365035569373 0.4077943363163805 0.18793567853998117 -4.087080810916378 11.394962805338121 -0.16121944770134058 0.3781726717821849 23.221473657655977 20.337381444443373 0.9338787192785749 0.4762392546594735 8.7648195968504 30.255307744669647
2.121713916470345 15.143190434430723 2.6832533812269457 47.8993244649638 15.57337557429092 10.466023184012325 8.24776631130008 7.058761894416071 21.025829448524487 -25.571670124243116 27.546963133372657 11.345390317314148 26.5448844598106 -3.5934739661303166 31.971941551174893 -2.1665759023854934 17.765738231241684 -2.300615208288958 1.1089857577938342 12.163407977708207 26.4978530098709 -0.02999347261311386 0.38383401568986486 24.45532797462843 9.083497500558686
0.5942925728243215 0.5868399735989417 0.008174220843176705 -7.773600289999236 12.570972625195862 -3.4363655397555597 3.932376001361071 13.382728271475353 13.70051411173881 29.932620318739907 46.73024590659736 22.529258445438316 6.44953988107263 32.42242981658505 16.856849138513883 14.618987493394258 21.952074162094167 5.400728883139452 31.62384497017596 24.23745885988738 4.293588418405609 2.936085846259351 23.68233336448914 2.4588224121415347 2.504870613015867
