0.9604105920510184 23.052216341787506 9.814148945903023 54.457159031934104 6.96532941398398 18.70817041749706 25.331705801138426 24.447248949761047 71.85766599476446 31.94466232685672 29.198342127417835 62.61725743033371 62.844146795497025 50.71759693805514 1.4197973033507303 16.386929961676405 41.22491327533986 27.151483506491967 77.97801612788393 0.27880426315171647 19.751252070716088
0.8377579772317232 16.486491135255438 29.497880718985424 34.483865508394246 63.58542349624044 66.1807803023241 56.77049719331889 71.8964454884817 49.50617278670238 39.26229168769023 26.245199776423945 28.60343445030564 59.887362568071765 44.618304438156215 10.222755972485414 53.88557060125091 51.26589530040334 33.329293953437116 45.068834863793924 39.72746006667853 31.17788455269036
0.7723934074129977 31.269481960356625 24.928588026834266 -8.630789825782946 57.387772354557534 3.8524203167778177 40.46124432178041 -6.092658851127431 63.28784735686557 -11.06117650379492 15.906871168632046 37.10614521894056 44.47934365878697 -11.052007946825642 62.92382112551063 30.485998632691373 21.219427312881493 0.3420621023150847 48.198120493022046 -0.9070918391028946 33.01817253127736
0.6736147540609455 -8.586952628733311 7.547620867296005 35.45472122260253 0.2933047968604683 41.055671189717195 47.66733578353441 4.455038598255236 36.81824057917289 55.06532404244022 1.4624662348750626 47.68199314962476 11.186248605181813 41.0507314769271 26.87323705194249 47.87727576841645 20.88981569080849 58.37235464026249 38.103830355450725 17.244494903245 30.641774135152367
1.0999203204610937 31.460554579955772 18.834521432728828 36.30815996001954 2.886031421006155 34.04886326451323 30.0887394771433 49.0899749589341 72.45737198962442 47.645007760023866 20.176907027987475 45.5910112108658 2.3761839362616097 27.6429455576123 53.85101813409984 9.683604151471808 87.62409420754165 4.39108806926324 20.585605695550065 59.85695879733254 80.79031616783016
0.7762190891903055 14.01561400382468 7.9819765437578845 36.65766266440069 61.310622768808024 5.016878072711247 50.6179712264351 14.257844207117284 65.67576070647968 18.75371488535378 0.2514867333800037 -14.102456241184363 33.31029556268855 45.96095847405749 21.772953432500895 42.368477960501636 14.352349104836561 42.19582647637601 62.38302461731471 34.76590582219854 18.675693523377838
0.8362126133038746 25.19119808740615 0.013436856411502163 62.027415499215856 2.059979651703326 78.35028784114964 25.961864933695445 66.53172121512644 38.18735512134264 27.97661612968599 26.154582243508962 14.949140613994624 14.686092012848311 48.82161009330868 22.72613282061225 18.29040965273484 36.23548203539286 15.42602896180026 39.17421460982945 39.4482396112736 62.02378017092612
0.971425471102237 21.5265740803169 8.278357458213073 22.819983322688326 6.095141399132035 -6.497016011350078 61.251722207032344 0.7738603243281554 75.71816593228277 20.011309141325405 19.30085830555105 9.821906258399437 37.1864476606313 47.24661981908991 19.163554843190383 12.634013414854909 72.56427765297339 19.627243119510553 19.360380445247394 27.37680617715774 72.53252067987437
0.5981146842094593 -22.556763360851402 2.5605733326041564 -49.06706109866808 68.06693592626095 -25.686762266469636 33.6988991599332 -9.21257207844533 91.92058844668315 -28.026411367775776 22.16624105652547 -10.252241809921284 94.68858285002969 -16.016519134692345 36.6640918282998 3.025198788492867 45.061399326682626 -19.98220629807557 59.62992575663564 -10.695963722615506 75.9718500191608
0.7638320051126888 0.8635026491771627 9.149244680565289 30.312282637158752 17.80225723135065 14.420732298904813 87.18727494959201 25.755961423576327 35.50215435733195 56.35508728409839 9.916453797981209 23.123850232498757 12.251080962150294 -8.90677092516325 59.480906349754406 -20.716382862841677 56.428798280826335 -6.513913197955739 53.84729285255201 -18.40408673721126 60.749577437592066
0.5390337000163218 14.367385612764924 6.704508173864673 -7.051613870903498 34.237617801396226 -8.892721754010628 49.83171113610309 34.227076087581956 12.137413310753269 -11.513754770067635 12.015368267268293 -11.970803391137132 39.800371217530675 -19.157976023361694 11.726697455973186 15.105760782134752 10.214689335241076 25.654410441866794 14.785811531774605 -23.09783458783847 49.955351440167206
0.5775111399468088 -3.5746372309117618 5.632403592126585 43.73517449665696 72.20210827933293 6.154421525435856 32.73164481751446 38.512435974049176 35.49583593161056 22.33273428078357 75.81575140981975 -21.179332710015814 13.566422470030943 31.959284669488824 51.980996019474226 30.029921736725424 80.04036299288614 -8.02286933229059 5.091872608899931 20.165837150723405 23.059772113612226
1.5187806249706013 18.086265437482595 5.979364627977322 59.034373060474415 40.1223821291227 7.112030250173586 29.438843133308083 49.77126213825704 54.46051688011125 29.427857148375743 58.04798121860063 -37.08611439794098 31.2400743367715 59.28745697297018 36.720514989809686 57.910839866601876 27.26993234484757 29.90770198002238 35.936759716190295 -17.28263336136457 12.59664292384366
0.5590249711133314 20.362760275822637 31.609825838932544 -57.8851776381931 37.84698257739918 20.217621079784173 58.66868555514113 31.586410437900483 45.97207659330426 -46.37326845078665 0.9773483244918388 -53.976981005869376 49.11434803204048 -13.674573041736878 27.541285228095013 13.679734668138558 4.260156436753209 -45.22155355785832 44.80577202074378 -42.42282162270184 64.67585788468257
0.5639767060412725 -0.425511325686195 3.4114067391583855 -11.254575293621526 53.89634941208666 5.60801482762837 8.56788831484865 35.53554244612863 29.007550261328962 34.51406696495209 44.01819080640326 -21.07345423571151 81.2655424135414 9.762768283093978 62.02049212959695 41.572622176202565 13.073058160739976 27.36341015600492 66.4074122920195 13.411542089785874 31.233135750954652
2.0863910430641854 52.763300623684245 41.684200879771545 16.277999949114765 80.12135539917861 19.40210448366136 75.91468105819777 0.09725177150707864 36.808813204186194 6.895053756757154 33.448149839466794 20.5137023569301 82.13228601018133 45.10612674522196 80.60527342240309 -19.935595139103853 20.966624688781195 28.93192441402032 83.75350978539038 30.522511520778497 16.80439054426439
0.5131603721000856 8.229793060078656 2.887522107200314 33.92200362592021 27.125337155016723 42.40173119707398 12.21971249771657 -0.3720052632468569 34.26048301120389 0.7818185638410089 57.650284213615514 -1.2880468883201193 62.80621006306243 -1.9862054185285514 30.267073478368697 30.26552757927407 43.59424872250532 -5.0034198317958545 52.87068210937155 11.896790875875071 0.50112662619058
0.8999399981245826 71.8021203229394 8.40268306068156 80.03877659462634 12.038251075195767 12.754458816749917 17.426870298957823 29.02222416853794 25.009205681551453 63.81501859105704 32.559553515107 81.31972759920919 11.102889139141173 16.554730111061826 16.469102524667143 10.802283586882885 15.516967574900647 70.3335551230476 14.647146872716881 6.339440331836795 26.58655326521059
0.6871383147394525 11.33123317580265 23.39684126791468 -11.638165947346277 14.603113102419995 -27.013207418875062 18.89374076800867 -15.424659278351612 91.09636761757389 -1.183287467670091 71.81513393006357 9.05435485367914 57.26326623194464 17.58084667120493 40.96605111288842 -10.89049759931681 10.937158300476423 -30.1350738732472 61.25413184006489 -19.748658807650564 42.42611972449045
0.8843297760482168 23.07055100421893 10.997443165250194 2.22933146750647 57.03452174353529 47.02603091168822 93.83141889054383 -11.993752884476296 27.928536053398606 -13.108123616515446 50.17013432893623 11.401173185899372 62.901072119144345 8.559424577948445 48.25999185349828 -6.736769785058524 35.95476266642189 38.032826371277636 81.26233364336876 21.153737039391082 36.246581317813785
0.7488093820025841 20.110578074804813 35.844412294851764 1.7222352927734486 8.02231269226522 -11.800846958046087 4.42737642334703 -15.480052423612406 38.29265396680583 -2.9859064315561943 18.3861541885333 -30.01820612035551 10.126999709758044 19.54603680481783 36.554885699646064 -15.254617901516394 42.327236514491574 16.368628562920335 40.61443186949252 -22.384912458731563 0.11242556380494761
0.5592344478373036 6.163091179580641 4.7249984526013975 -5.189707467775449 27.536346058694946 14.804094607188262 27.127036051519656 -39.88991793562902 32.12131691081175 -8.648603346318541 13.131259073967435 19.892913654199383 14.712285894121575 -43.44988511323058 22.05360775033467 -3.6803284915896555 24.512401243521953 2.147684089773758 44.482558179573495 12.323237734264705 48.64179028383792
0.5949963178530835 82.17095786015264 59.4478351506436 17.955433326181538 39.79073578877583 45.60219567517036 10.028086119963298 19.894284892667923 55.655657115901825 22.577291937148996 15.794882359164681 26.498058269314193 10.35239679473594 -4.390375500185979 3.1532205044724826 37.07122509489591 27.527006646958668 49.79835854997329 39.20259050189205 86.2960051197638 58.00998404251068
1.0820644673924549 23.726758697402957 6.709440684264724 -35.77879297013267 21.10461623891617 -63.064103782795854 34.06760301036793 10.739175752368034 40.96687132507927 -3.942967317605868 29.781261047734944 -20.10010061877592 71.27973524041687 3.6620007255625757 11.791221010165716 -18.35016478259665 1.2460175924458419 -42.283549718338875 36.47923641647669 31.225080190504688 9.183825271844402
0.5035124494446609 10.861435537625624 7.194343912180122 -6.376829683672174 32.672013440447294 -15.202664098097348 23.393307197648593 -40.82325014504539 6.168346770887762 9.643808635377162 29.377367869933916 -5.888124991235776 7.240678701461029 1.777611431500155 31.984187005121353 14.637244548731584 8.202543218881116 -16.406604454402707 64.08697757678914 -25.593188318225945 3.7448559974675755
0.5284522818598649 9.771483748714312 1.6485170741462551 -10.199931613655465 18.476557648690903 -14.55235044143076 21.114327529342948 30.307002355295012 68.56912320447162 22.367597997010314 7.26039832905364 -16.36146177750205 41.43871944958687 -25.025465794115668 11.696199277231582 -19.951717801116725 23.30463484839747 -23.822409749984654 9.380385045236876 30.717396285844476 3.590712046450276
0.5078103061544431 -0.02264084237722032 3.711786076259696 -14.706476598531793 16.78295248215346 29.562945528854115 48.17287534302465 -24.66822288885631 25.09105347221021 12.400309333960974 80.77281327842579 6.4971089637393415 3.059918033419419 -10.41375390882447 64.39670098204795 -21.691397613172168 19.201867993333945 10.31835684328178 71.09167118604628 -10.615034009288035 33.08294770254542
0.5814417520785319 -37.44170514450547 15.993096657263266 9.200154108658719 49.85580689433651 -44.610193127558674 15.277712264661302 23.452191370085217 10.204484470470284 -42.06973855879496 21.849674611282406 -33.36562804699278 22.770911616792638 17.839103465379555 2.202924963884084 -40.791867557839396 40.536995559725455 -6.881029407885508 18.88088027970658 -23.214002292618435 6.217537646784656
0.5500089611418129 0.5723897663391092 9.653600233466474 19.772410593159076 9.039923255931646 -28.64263919958811 35.27427315868102 46.63274622375055 39.0520324426374 10.74725412007172 36.128184594988994 13.544325886628407 49.570440710736264 -24.985484432104553 3.8339105655111685 -31.719255084956988 43.25653531283346 -6.228777142778264 34.0772830716284 38.125782750597445 22.687092992480203
0.8227010466397838 14.038507696792193 41.427871521961336 -10.359367450867273 2.573622410433603 26.6840625479303 21.892513884033086 34.46389253725941 24.61106658183587 46.71406174060661 27.73809149723897 20.584272626246438 6.9660277655009155 24.770665141743635 1.5276571987299885 27.18844723586482 26.764483885715126 38.22252611294741 50.69190730438517
0.5050147551745887 5.276204595079705 10.73982622386347 -51.84814141543822 32.94724845860853 -20.484036241651108 3.1118802381542827 -3.5061113604217495 9.085937980067529 3.0336798629722694 22.467862451740153 -75.94216753258888 16.13141168221509 -32.072088853315634 18.446791328320273 -74.28096958607502 23.5851270986493 -34.657024303270425 5.557630291941666 -13.223761613581622 25.6613298620428
0.5359805669966246 -0.40922194202978845 1.5789846609415445 6.345514148821111 44.01052691737408 -37.98748572676668 25.846938783471302 38.94946347147422 52.185906563222616 -38.248274284683234 16.49178326796707 13.17747537383526 43.987238734609086 -51.57737089602534 14.05147613492089 -45.38497373093733 59.26299776918165 -32.616299344542995 46.44383373239494 15.110148670502056 34.470883714369194
0.966712206280803 18.37613010041117 13.080635684183143 23.274485757633993 30.589871704546493 -12.194445435523127 40.5270256481995 -15.877411137617557 26.045178380813105 -21.741006027318903 3.323933428878931 -11.523326627112876 45.597818733273016 6.8478654959185885 23.006992483886936 -24.16855706223882 36.604447619685544 20.231053903268002 25.17535381079907 -30.03540504153453 40.94212101075881
0.6580170243924018 -24.39626639086959 59.04945370635237 -4.450369423403728 48.25525053303967 26.99586649861008 2.2924764733409795 -20.21891794993821 24.204769590765864 -25.059409659199154 25.967496702771154 -27.953727614101236 61.50526120218404 10.134795800555626 34.812514418678134 -12.504763823954068 4.500792633790964 -28.16135638094055 56.90429899095761 -6.895362707371373 67.3495532625572
1.0330611224330322 8.492088223737426 2.4538344779641337 43.659070090057824 53.71363511642966 -6.192769626862064 17.530941128741876 34.743967415907065 32.36248860186179 58.71173551473606 3.180307128471557 52.04403162671611 26.261387307011876 13.490597686790052 14.539389227626407 -5.742336599121881 15.970947525671258 37.13482678430466 6.664138965336581 48.171666444317594 8.265794510540152
0.8706595937050599 -2.839299879093943 42.18386333213918 -3.478786938372628 13.245636366539937 1.2864525266603266 68.79750173303596 -11.14632289099758 26.771474596446723 -3.642090039680209 49.18422995559416 13.478488788358177 63.19174388266376 -38.93022865701731 24.392257533603797 40.26327797171191 35.70824910294654 17.546591559086224 34.180970325673776 24.47782570346641 53.54371137559265
0.9673055615608085 33.39013651355921 5.787960720063245 -0.2764323560181907 32.17379326768028 24.06123001172579 21.695837543510667 -6.1042123581410905 45.754121640877926 52.59077800244874 25.468519243638664 -3.321566609383261 74.03940186391381 9.398083684940875 26.098477399327724 3.5114751312969332 88.26494561528422 62.411807959836096 4.1132069519163466 -1.9490603707762375 78.33217993561854
0.8552679965623776 19.863541987573342 39.72719226779933 -14.421350289679479 24.921645384174212 3.6407261782556812 2.5614691091219033 -17.648092616632184 63.56992186817718 -23.140914573487034 48.28089937518998 1.2125942489133852 11.527478467646041 6.433791647107963 78.11152657872019 -11.758508234168113 5.303744997357169 3.6405170511945784 31.895629785641912 -14.04398766571776 11.274236751735684
0.618485909119469 20.256334078178025 22.90883236999569 -36.424915226805936 34.099877470068215 3.4326976055842557 40.220577525807755 -28.832213746826827 13.706551111938204 -56.42156660352457 19.206272056415795 -52.88134099057126 3.8348987181481746 -47.75858568801235 21.897030158339057 -17.79176298378039 58.04706490504337 -25.03463878306937 18.443233799684716 -28.704643179628984 45.36004033087881
0.6292616855692166 -3.203320946674763 12.57910309099628 -9.871760521240677 64.6778259226656 -56.70872921484521 32.71001632330898 -47.63834089012861 32.790077176860066 -46.25743801199962 47.987216305475414 22.36690648712486 21.162924716687446 27.65138316642654 11.702330767157227 -31.279594049909196 62.00697957030458 -50.63839310834704 42.81903159624354 -6.555121265401339 16.807972857142538
0.7126274132765641 29.145314858669913 35.14514277380148 -22.914925270776124 67.6500977031916 20.583261130824667 24.59630476068387 1.506367024878923 35.69691487210709 -5.460474308364773 70.9501608831203 -22.829894192172382 58.575663438580506 46.92689087292442 29.56727523455739 8.149161467250327 18.724394850047908 -11.637311471756073 22.971292406187708 -39.269642885335344 44.663437045566624
1.1324562636915316 8.909123762798382 4.915529386883339 19.899887273304035 19.319308626715603 13.199094916594728 15.215008257886128 12.803165080046274 5.02587860023513 69.40491192853227 5.246808742539821 -16.444177020125117 27.91027317485192 2.257932012493108 8.853996784822037 6.452941245815588 9.250161729056488 56.266868678165885 33.291094792623625 45.85809670142395 16.15403053362141
1.329276186017002 1.9541045819034901 9.78931488292935 31.63115757477661 30.781789996186816 0.27982598342761733 54.82299613191353 32.180792381622894 60.54893977902098 46.31715993560131 44.36820325302333 58.42646045182586 7.384397239159654 -2.5504335332972534 40.746467646136466 -4.927395208160712 12.319471458101459 0.6866243017393161 5.215777568599861 38.362131532757076 50.978149513618526
1.2847241550602655 15.637060085437952 12.032131970733957 46.38037948559792 2.999184702486433 57.266245265102974 45.630329697647916 12.462553191614964 18.261451198723666 28.665462510821804 26.036999015421234 70.00273787919686 32.588800211826836 25.290871669284723 35.65648349401226 21.51755899811633 40.68191031900819 63.42515317063837 21.209024141009646 61.48957294050247 7.453313071731706
0.6177252329314261 4.773617295223303 9.32079521529293 -8.023977719015031 41.0099748970973 -23.845086903215467 48.746039855155715 -45.491997550922235 12.825512558360879 -53.31361816964289 0.49219571184101163 -1.7771359883984936 17.53482079387525 -63.13474620511852 38.63235762136665 -38.87359772968632 20.15136090637466 19.490306599950188 15.009308343184365 -52.77512406061122 18.24368667771926
0.539870929147525 -6.308363303455232 5.697099664878957 -2.0904151474112576 22.75705217761079 37.52919423036993 29.960223973453573 14.136029704147152 35.8586409574107 -1.0165362730135454 55.91236463866212 -7.812806676970151 46.96499647921211 20.403988538027008 29.002199052158595 18.42191369115081 16.62896035524736 10.866985480378792 55.93231228728498 35.69341544096132 46.08751192049766
0.5537087144746893 -17.066611044902974 39.285960592836595 -27.907445553183187 54.751580562976926 -28.322438614659127 3.542068258830445 -43.824104052788215 19.716498391420433 -46.25798811422766 13.616246438431014 -26.63599415452698 53.622457320250135 -14.984043100172112 53.53384889539898 -73.06557464185605 50.58830825739661 -56.07496838914418 4.4365445883836845 2.2026202197085314 8.842354309361248
1.1551589960008188 -0.23622439091948788 6.643779521564557 -37.61288547237298 17.990899464121313 -14.080343988490789 22.206467514662503 -32.84334374291451 19.279954855762902 11.193736753523662 20.433716749077067 12.032490352411815 35.8977791620464 5.1549359373393795 33.50561159383664 -45.627959879777734 7.723658318734401 -0.4355329531995391 23.43304562269549 -24.895101643668447 16.950193710384656
1.01385776253041 22.65224812822827 12.337466365967167 73.16122923259057 26.385891846779312 62.20802455031751 25.982534101685342 34.07407453886053 8.10868660313312 70.09200641379009 47.15612418548751 10.157264307304382 24.434518219284417 6.572530675384078 52.3094214047577 45.566531648944355 13.622163570458495 62.36950392091062 25.242125465290172
0.5344421093128807 -16.769516089028738 64.96173446945411 -11.541685327307494 49.50755794463768 -41.13730872269646 17.117226299687296 -18.01290454702906 7.930301653320585 -11.71645438120984 29.979007684032258 -32.208970595777515 6.413171879010621 -38.405498345305766 10.065769983512181 -32.80697662252006 28.721087662455183 12.675966219232542 23.74324796009186
0.8594541720966637 15.080830534635487 19.404107628106022 45.627072118391425 38.234377402224695 60.07282592173024 0.8675817287777008 9.372342162675732 23.285114426029534 40.935760976703065 16.03421845363769 23.322549041317075 52.7877789048309 15.318703824996724 36.183096055506844 96.40272119335455 3.457066373103423 65.60506112027919 37.51304973401371
1.7224384926512144 1.3098957135623972 25.15980655620023 12.593293695283558 10.714989730827927 46.6484660971833 33.84394775808978 51.03364599458906 3.705673544590694 63.220465359742924 14.36889401932726 72.83312812951549 3.6988862758841132 5.170584285694213 21.85069810202754 57.35364966471137 17.130552657598297 74.90497547060407 16.009652200971566
0.7449756378091749 16.208020045130127 23.780936440374454 41.42610293079763 38.2254370683215 5.204878159623307 31.802309896134652 -22.135298241332457 5.999671357344994 35.537783346191155 36.97157867715592 -31.129062136611758 9.276650842792417 -14.853204406561066 12.516516409899024 31.855929760233437 36.82498997332735 56.66176586057323 18.47411527061662
1.3539757862999413 60.011404698511214 32.16614095732751 17.406176970569387 18.516819218939144 93.23347147191984 4.249858655143431 82.64281223099312 13.41819903313589 65.23495509300182 33.05161401209413 10.33461051672867 18.02051606670932 75.61226623440909 30.655310910955393 58.802805208973396 14.126882934935972 12.700865792700458 49.234212786982404
0.6600625641501037 16.602525924030278 19.013596707444897 -23.71780548700471 23.42491971337092 3.605186048059334 61.676692507099816 -16.259321851948073 36.64831761117893 18.188893422943682 44.161463796745196 30.716082317420614 14.996076548538765 37.32809028156334 12.340836657602868 -12.768476919391027 64.58272494800606 26.132619472199615 33.57898275422023
1.4506901218028372 9.058193458538637 16.230288265904644 -7.131473476774115 17.27398417454987 37.87864191948378 18.76481118391817 65.95398793753168 34.380241061580364 -9.842408650451624 7.9812382335139285 -1.1437443684143047 0.710368862127154 61.916986145310624 56.05208896270747 -20.10556834549449 10.013463508045204 30.006044003341117 50.117307800911036
1.263706101883769 38.51104856921396 46.15631370490962 -33.07758204030228 1.6173819731513976 20.762559865180204 69.15257218345197 5.181360480184647 2.2349599598812455 -11.978494719198196 5.687277044564013 43.61296485762315 60.80145276418301 -22.608552918594082 3.694749542402046 -17.26022763723218 13.406095137908252 4.757484325757158 34.337099036096824
0.5307381530105799 3.5379289694161535 8.3234667976669 -46.41809979121456 15.839565993436064 -10.528517694254935 6.159768850963127 -20.990652974715495 44.23581856236842 -34.340647908488705 50.44523835742597 -12.60194433974331 12.168277773674795 -54.51597686682963 1.3682489454293183 -82.95278922739875 18.91359829146852 -47.524385327745506 11.179466561998773 -38.62711507976424 0.4855675341756793
0.5471919209529117 7.8715869867420425 1.321595461109115 -28.997188443443367 67.08401194986914 17.44660745205736 20.77399840722635 -18.501953836954435 74.80826677466504 10.53571532000078 76.83717607601098 -56.29363913676065 84.34323339678474 -2.42394168644231 20.834283150214087 -19.841486356717322 9.00695709470482 -46.43046233642457 64.5022160113354 -7.550967854103867 1.8402790764623627
1.6377712358618597 33.12444152030116 2.478764790926169 21.57872808605556 22.4658172646566 60.398006648464744 28.61409252450551 58.22743131382834 3.487426269201112 -4.651026527845383 8.434413642768208 41.44454018234866 17.131038352800882 70.5231417265483 40.938787433968116 73.31069098468468 18.679314278597708 4.744382511749356 39.84767079239484 -16.581328096650985 6.452749991970475
1.0339157609725638 6.79597818008496 15.74101150427283 15.511468323496732 36.246056437841965 11.632726577450516 52.42062367949074 -4.810571818691669 19.34247325741918 3.7701704552065376 28.56674351644861 -6.858950323770554 18.889951803133307 -23.845218622990323 37.980482294799266 45.65874989294848 28.629369059047978 31.665039123393896 2.747942699397692 16.332771595245127 5.262630983009027
0.7545638644820509 9.087641983671537 19.115863316104818 30.27817191085578 17.825554200567836 4.39801867155201 57.71340682022114 10.825488367680421 27.47717085620509 -16.346101808241684 26.587166683103277 30.249143376503277 42.686589129747915 32.24696079248731 46.16039206110029 37.44320242067895 4.264646952543708 38.02871862963019 42.672562435063675 31.889779658276954 55.57496532318137
0.6352150888698711 55.579289596341 74.21914889351599 45.85357354486084 69.91716316377858 5.654266460348216 56.385013049387055 20.42211169195444 0.3995562189304587 50.39564021956425 32.08717958303099 3.9560413236608216 62.81495228519974 17.49446900106366 64.35024634701314 58.311584932285186 85.37514163765812 1.4005002324876443 82.4646302000228 17.962794434842998 83.61743572732021
1.2865809665401258 30.62827062389356 14.540240034008812 69.63868455339248 4.353642816376889 61.43885458124795 37.07313136893171 71.60249098834 4.796558073844411 60.60668698279673 32.78352574163352 64.51718325300743 17.211527590074034 68.39380170739831 5.290928294157171 47.768654868993615 21.441629541881774 95.02761821809808 7.033488825480724 -2.329610158037521 20.219877959145535
0.8465069051293368 5.511675767000769 39.69018242314307 68.4332922056658 11.516949288334636 -2.047742017142869 9.781614158888052 12.610309000943069 2.6708727459950734 -4.4063785496264805 11.609023713014022 47.71892485924349 17.402793108401482 23.29559360893082 12.094373787242331 73.84025876959146 22.52110904455936 46.070922943807325 1.6735868778314353 26.85540359910843 5.6875055468554745
0.5486415157670005 -4.854893781098001 6.719063929580099 -18.705071135284268 52.16153678357964 29.347461820136218 6.032587734090468 37.32695278948158 23.124782013038775 -16.246793807361414 32.64089141873651 34.03209586155677 32.31782618877577 -1.5442711790717336 30.291015390512197 11.532932364392046 58.38437170915375 25.510888571996126 7.918175651805555 50.75680373869403 54.21821525679187
0.7453308907078966 27.720695116220206 10.043950967658105 -1.4012018324392486 19.481294559567853 -19.041667770630262 6.359271529096128 -34.645903741299755 20.962718992865817 38.092218431555956 27.10063947682889 -3.4471351932063157 4.704704317299083 17.96957968171487 30.827557839436643 -72.2231227032745 32.94230905586519 -17.9853106835945 18.998172231808653 -44.48368133081332 31.085540770137317
0.5055171562332643 3.2414352211985715 0.6844178806484136 17.23206801186884 15.277184824619363 -20.005921954729537 85.00537146893622 1.2317594116156005 14.47172001750088 12.964660668239812 46.60212195737163 31.97363373904631 72.42488018424548 15.257001617701055 19.292119895332966 -2.0442249402773047 12.336405606059428 -1.4114234489494766 1.3546268755295756 2.228661442492532 55.98716592671032
1.17953165161379 12.017452210108315 6.37072931471972 6.304595844824043 5.982908935007879 0.36089368333385696 38.33987493980207 34.818236628259406 49.43378039375287 43.96640550601155 42.54733279914953 61.047528233264885 59.58412991046814 52.20747660502183 17.199300849833282 20.38241676296844 50.86224956129254 35.3205076815855 9.914517454896139 50.80567542650635 16.505585232262366
2.3175936127590764 33.062918463930565 11.651777890947855 17.60921576517987 42.40339110689639 70.67393142820029 60.45546463226888 -8.102465971317937 27.12832817086906 20.099703038053892 24.04153864254926 54.05806842333722 58.66695639862506 30.339760002619844 48.0895850935253 46.22887423722307 23.755243716904435 25.902114861036832 25.960212130317863 37.845992730134576 72.56356869461406
1.3415371818065327 59.72960591044704 43.47388914328369 22.15638261631638 23.9352136025985 5.3605703569262175 32.097393871082204 34.09621189853092 14.323627670914671 61.483546932766004 31.68432363323036 -14.29919493390103 31.573010771890026 27.61109672164425 41.14474139797977 -21.37996602478427 7.265427088595952 2.2349811447760626 9.743551476816663 61.62195488384684 8.287194222337654
0.582663755049123 -0.14235042649247287 7.514787556792882 9.196209553177203 33.60665907465851 10.951143155692431 29.743552756842426 0.4603385940215574 21.638090835973394 33.46578391533691 22.388473217490226 50.70547611833003 40.82425235319356 42.22755549603213 28.325564044260474 -18.759803375429495 56.954198760861786 1.9045975780590148 56.599691505025014 -3.985900498470632 6.7989290168232195
0.735758214679165 14.701635862909685 55.605407500673564 8.865285778434028 49.21435129658821 29.410025196019618 72.42002189249352 32.43837683730041 6.4417975517048625 42.834176233289206 61.615736682165384 52.81619015714574 74.01568004244096 38.1609042028151 44.269588881517194 -17.34626306805246 16.275667224540555 14.968968502139173 71.85067665106652 9.995899655867717 63.69485823550394
0.8784805449663652 51.276321212071124 11.326359039879147 37.14618285140837 19.346357298365653 34.33391152926181 27.531622647853844 44.85535405166493 1.621207735055247 -25.81178502833546 33.514399055035646 28.939263625824537 8.225528315286937 27.886474719169527 14.27378545375778 15.954402482210002 4.1889946159838995 17.985665539827075 66.32256863487292 46.50139351025869 19.59969814117097
0.5039891544975904 -58.78279371871402 27.88586418694486 -20.913112822321807 7.560008744414268 -11.55952195702724 50.846337557812305 -5.255948270362742 27.40789638197696 -11.596618149963875 16.05415276885163 -70.18537817184654 65.26935338753269 -61.99149266160936 46.21809068874384 -54.31499592374901 52.91389690223056 -80.99571108365564 43.721505640046836 -43.025040666752496 3.835186228129359
0.5506586431435772 27.116026821008393 17.86051457497734 -18.458552589182975 69.37183140152581 30.188349462339517 50.37821893607678 -11.844791553403425 48.8039778602785 40.29673670405458 64.79476914623166 -18.73554925056725 11.140453475447986 11.459707734405763 46.633050124618485 -13.474502380033014 50.74385583595871 15.986054013309964 30.012265408905876 22.28699554967538 13.364086335042117
0.5305508271738019 17.135827346492018 5.454230192634565 -2.9140165090564363 27.08171649812909 -52.00934268751108 53.521761954050014 -10.228155557449494 21.71109974517109 -25.609905716769404 37.00797234094402 15.486437227057525 22.239717603779813 -66.3045569830796 38.77722710394168 -64.55767751136506 17.71656134228847 -18.08868556654934 52.288001551891085 -27.815526894068327 7.514216771771926
1.8808114496644712 20.051164090143974 56.907298179467254 44.95194925667785 15.693121213944995 5.770350181394765 55.22980268797165 73.22563121589312 15.705386654165832 69.90909579200712 76.04222981886551 7.320913097224468 11.038353232847037 40.17571202154677 55.524470842718664 34.21245708339557 61.804622087045914 34.853736843068326 9.987032468354688 41.345690948283405 71.93752748629399
1.7417551027240046 14.463507419321862 2.2084328566039275 76.02005359091459 30.484627135718288 73.21020178764556 44.00922980347654 49.462878207186506 25.511359743608214 24.415799208446646 13.136987973767217 72.9867437654428 30.14387736090029 61.13424265297665 26.362307739985454 64.45736165480581 32.44910343334834 94.54548179846367 9.930532333045925 59.895379259113014 6.541407683803872
0.6943938947881161 0.726148465297804 2.0084652611387543 24.96158047593021 45.61087384843868 30.289585031219396 14.063040124370495 -22.109316621237546 14.99804530303343 -36.540670455134 17.579680022864586 -26.68823852836682 25.04126633727667 49.831643519969155 21.012527947014725 -18.809196337358465 33.62476026446723 -9.268030703504941 17.77497575070138 46.9579115829618 24.550637945548768
0.5952024836570787 13.31018261751198 6.767024074925109 8.303964132998686 60.135534004750156 -7.512871688323651 2.774700096009797 17.560420967756347 19.045784151085062 35.2933604990362 8.820393681685422 19.6998770018609 28.12572949791768 -8.363189600002798 44.88314892019817 -23.572217254982235 29.599260496396173 6.166889435975391 19.124059775740676 12.158514732091193 25.444383703252793
0.7207636073083984 6.58421085971273 6.655555519053554 -24.358488049222913 26.04681095550947 -3.1424776648524855 39.16005387248582 -50.45620414110165 35.35283822191609 -62.15944377801555 60.82204099615781 -26.434220366385834 92.20549428304295 -42.71105017537565 7.14611215603264 -0.9565472001083941 3.2099723828556597 -10.865065742348566 61.044975594051884 -50.34656497667967 31.479776568654344
0.7088418593301704 25.915684675227773 15.484253918066099 90.81770634310384 21.302115944218023 43.190712223025 15.141689774465451 47.35261338132957 73.95169704950224 62.09232198522552 80.74843745389292 39.214211266779614 22.794701044449432 42.254326137503966 64.63473110753087 69.96237241515456 39.102650829128336 19.854270829142983 26.809383189414035 47.72929372716483 27.255476999451954
0.5157612232541492 0.22967900300900346 3.659608341414632 18.39015092175309 38.143334241656156 -5.071161172988075 28.89653212108713 -27.76806214322603 23.67553030391221 32.25012351247316 35.249398066944536 -21.249683372636714 30.106364134152525 9.105299733206984 38.46784503550992 41.3087782520473 4.784857531923578 17.595401306257646 4.330023119203218 47.144985438463365 28.55591876344689
0.6944598699135143 21.85745601750158 8.734324585656902 13.889510563928187 24.58212987747195 20.852973339287484 11.10464180675225 25.312235796740204 1.096326187692819 -9.037534019932394 17.669499580147082 12.211878342703514 21.7387212319305 -7.762720433171035 8.530827652573194 -0.27810636489111884 18.322746386227177 44.84835990915528 24.242933296612506 -8.366405308800909 18.415290861892473
0.761789584349875 10.50623671768302 13.971335695807044 88.04044484444285 36.8261651030303 7.540964362480805 19.938087381354933 12.283903850925642 17.34135492768112 93.13330134758444 16.36600161607019 12.3943192586753 36.68292513266753 21.944278077404242 19.5365627890794 29.811687608100456 27.6171052878096 9.191658507324341 42.259486046497464 22.034126632731763 24.127973252824987
0.5182573777365482 42.74404404945385 67.10379476384682 12.148435863378843 15.843547723828213 14.102023301311652 56.41708143564668 40.64276988748537 68.22455722947541 -8.691800905636757 77.35415992863156 -1.3606234689809789 37.32909350520739 -7.558968885721414 18.324936272792957 16.766760348873145 7.309589576201478 -18.894114810666917 35.68400462279002 -1.0520744338250907 71.50488189440759
0.9214348624970888 15.553291126033878 1.7281360795696736 15.992290417924572 4.341846698984123 32.81695423940134 2.6602258023824197 9.843752441356738 39.28626338938516 -17.461004114840318 7.247972033321704 21.71414064118333 45.44923053091844 10.723530359957792 26.640024543522344 17.33834533925554 13.154681070987596 -11.820773776428098 3.994773362779258 -2.162942413760419 40.546215199745234
0.5648968387273213 2.5764084133875444 1.996226501032142 37.7453370425187 33.32038226550584 35.574418768960044 5.224263775816276 3.886761830325087 30.642618454134364 69.20787192145667 69.7070952057351 46.0333188122366 82.05579661273525 40.00109950813622 51.410722076524564 62.842797461484025 48.60474946665086 71.32465342444041 70.23319487245398 49.28904655470598 3.298678084686955
0.7639641751120599 -8.54860939279263 19.269550447658148 -19.031964511542704 12.113059646141224 8.553396138908811 37.4262425348297 38.229076841155276 32.5511359057307 -13.74602241200868 43.878183807589636 -25.626393481470433 45.4545028493737 14.641796369727881 8.961072210821744 32.74106270040409 8.416409558042202 19.745852443147747 34.268159097076904 37.35288152433012 45.2993717967413
0.9653494548497358 3.977307211457077 12.144346583304367 -48.30797901131779 11.45157919058109 -49.95813594325954 12.108199055871804 -35.15800724305805 10.611288464160957 -58.568222826443794 9.30087243534182 26.84103178540616 37.74474176160524 -9.31892269986364 33.31119289478561 -34.907415679795875 45.23809420502453 -3.1176769094267165 19.530862752060028 -33.285260943151016 1.959635969588108
0.7785439761861588 -16.79106511654617 9.907928449728276 44.076192145430774 43.22679209159422 77.29107453174497 8.007791671738703 55.28863872153644 35.4318795298066 -1.639303275985089 25.465619894870727 -14.173495963387113 14.847611016664121 -13.832806039535278 32.42928914705178 8.830083767135331 3.3900738380118725 36.838049812480435 46.96127686103335 -6.444001587301194 9.118039822421593
0.6174706380307554 -4.976009067440278 2.061444798368572 21.065555289159423 0.15265843127676493 38.17355273360237 53.77279483438091 37.26069433803339 13.97424832262491 15.368511748701168 53.68418022660867 9.362994986174552 29.878572043941908 -6.189094627063797 38.14647820928931 32.73671721486113 48.74157420570176 34.18865505525534 17.109065967983213 3.180938931173309 51.562098847817175
0.5640647973043075 -32.0751102589155 2.240469778927155 28.987936129970066 59.93842898231148 35.74610729596 16.52361122783551 -10.723913947946835 27.924012963918525 -31.846411913600527 11.364294796701152 34.569855654085856 5.497844578337451 24.42537788582092 25.277419997086355 33.188880152940285 7.728377918349386 58.91512917769142 3.4851626273781946 33.3226211810595 35.20674807144621
0.7128736873498996 2.928664663324086 6.391017911331172 -1.868074051951611 14.755030518393966 15.955853694639842 22.118392858943626 55.27922913013123 2.315553854782518 -1.3507402265516113 48.405013827214525 6.825699579092925 17.75777178305543 18.110465916958795 16.996117768147375 -11.139369005845346 19.511784180768203 11.01343784700113 15.102775540829352 20.53732912996581 26.771998573820177
0.636855110745788 11.967543581743577 14.577171741859342 -59.547977298063884 14.17801680729849 -36.205855778179924 0.8552640931113658 -44.97063758644573 34.52622261918103 -0.2646537870822714 4.786967340335218 -41.911846652003916 0.39978060067289434 -14.513776590201754 39.94858762818619 -70.15357732406807 15.08602335480428 -15.328494393711814 38.587524442724614 -56.556654749140414 18.874108922303616
1.5334470828537203 19.271783364917404 4.865723782045407 61.771440991765964 16.08061398297076 40.57785509605491 7.398691213106741 50.638628249230685 3.9472342129165625 53.33654074688864 5.2535575067630855 77.81932967253739 21.170389351675134 85.58750580361964 6.793548810640225 108.44836457277187 27.750560939561918 43.65388926670198 21.858206687019006 84.06423260800497 32.57811211643455
0.6300383319209534 45.40002669849211 1.7927799441934553 -1.1337844323264372 7.980725135266913 -49.45359255038386 34.33401396113286 -9.901442671460936 28.42136272492795 -6.176037235098115 15.666789789621129 -30.91921352777316 33.50764927973524 -1.1331356071594243 52.39844604361069 -3.750343297334396 25.60014457030747 -3.2436230018599526 15.873110260748803 19.625227883197837 2.2963319249457825
0.5827168366117567 18.854492508012612 5.185691011500764 12.079248359487499 47.320765131518364 43.08612377711911 61.234855987498655 -9.979804053473584 19.654087676332793 -1.6018116241248173 34.14981177837221 15.459196272186235 29.662046559739224 -2.8859655377115994 17.451824021800718 50.41128791713688 63.1842815742607 14.376272504136303 16.77458429376341 23.009358667070043 46.74896349485797
0.5384802291536962 -50.12672783851683 25.11607936913296 0.5862009002379871 23.645454564571935 -13.764151938346357 34.77036742089823 -38.36149900087127 49.44223455063167 -47.4740607960447 29.094937588264898 -46.78534908571888 29.262202355260197 -82.81411474205366 24.792956366536476 -90.41235792189124 18.58324458553924 -56.76922245699913 25.231209163857493 -62.6042487610186 24.129889832322466
0.68989334243016 10.56692945605371 6.145183661209661 33.81296087541619 29.813397508671997 22.004532108967197 44.33918431771654 -17.1725277023337 4.78120358931168 13.848049880242645 20.308044279560907 25.7950800682218 22.031200054162575 19.13571267565119 35.62389753953896 12.455125468839217 21.21890141783973 44.8488273901816 12.815994891150625 25.076337847941193 9.464074899715655
0.9207867192080306 -12.109517597577732 10.305036791089009 70.79065403477199 40.424532747554956 -9.465840101653738 0.06840927775787353 35.928436553890265 73.86601094419738 -10.74388644017241 7.348774479797228 23.31846120950457 19.85825021653727 -10.355635488232977 35.52605399036255 38.85307861207367 64.27837723097637 39.72538485521511 67.95681694642091 -15.650800658914472 0.7498857724070405
0.61253528305593 24.319904990175306 1.5407806776040152 6.13658031240205 27.792576857300972 -65.03770714856331 7.220486845748386 33.02140947024557 25.033686973079355 12.874812193108895 35.417279215235666 -61.23083810078244 8.592886437250474 37.22378971746885 40.54427986191348 -24.870346562212397 47.53834988614517 36.39690930834769 7.936411235729676 -18.971341636985148 27.8995464680303
0.573799732346197 26.914335258908824 8.603949248023628 32.71687627325521 23.963936758793288 -14.880270133778577 64.90717701137771 -25.881702873248095 4.5721455599585905 21.22784361097329 58.84187139462759 -1.1649047194400666 67.2287573053944 18.15470074771077 60.551518957302136 -21.872499439242716 56.662714696610465 -0.05373557486287339 31.303892016346833 -22.491161167008347 30.198059134172542
1.0855974253665122 39.44927316548974 6.538649788488268 47.25286887744434 18.99160603101918 46.148855987611974 34.127505416255374 32.68537514231896 39.23666555966122 54.39711849429594 29.375027269943033 49.48153220671881 35.4509294001469 44.69183882944787 10.487748223672552 53.89192703354072 36.126221969391004 24.05400994757726 30.85292949018411 51.16607908903537 43.658385761917025
0.5291008155782123 14.827777932737947 13.697383722941872 42.21190895859449 36.71814094844475 -8.378186647951619 63.229026182380395 -1.5054483629478632 40.33119118531367 29.41745652161346 23.793451914426132 -25.81616272390289 22.014563965063786 -11.875937771173486 50.99545607842617 -35.34887523774435 6.018351488188033 33.18662858203605 40.24064175890181 -10.86540674762688 16.643823379374368
0.6209237643432912 25.75572893472161 20.56477836516054 42.929455472337764 15.957427151551062 58.17901904275316 42.79792931866359 77.23713567800316 5.378960774393192 84.89841781471968 26.800628175245873 87.12210749536757 42.79176203259767 74.74171152830019 45.09325822216289 59.442493411854926 19.671178836937223 45.93693039045574 4.217177537671692 65.30290375568136 54.454460846202295
0.9457815271912517 54.131038039257675 35.13553912177525 71.7972642956366 78.23171840184393 57.93996309591075 12.306392701423984 39.93784302360269 36.968453020628495 13.10568666130387 28.892856509416173 20.65881580534451 8.65045799752659 36.266600569022636 13.364345278280503 6.245004782818453 45.83872597563459 38.7191799895768 11.144666253145225 48.401017297494946 0.45276045999021086
0.6389267622195477 0.09456564987499538 10.246594379928151 53.9031936255794 23.334681770501675 39.316999507790094 72.31913239948898 11.714357224280178 60.48790002156467 4.1305629674056314 3.3134858095430975 9.839330714460225 33.44813490211256 51.07269418664555 32.04361822066059 57.582031877079245 16.61562678948163 15.277941071324936 31.505606145115213 -1.2499222662846936 33.0947877917068
0.5248448916397696 -38.87274916249145 14.622219679228156 -98.94649550779462 1.5477206331795657 -40.080250940964206 26.447392003092915 -57.90086924430909 25.160690674597614 -60.10427735503487 21.243147816272227 -51.88278486781492 36.187129007555704 -44.58151287923059 13.092383990464732 -52.5271485819116 29.422627592808112 -66.51276555401364 26.08183589525868 -64.26122949088554 52.074617841619
0.76147060878821 15.341181732318084 1.891455856956905 16.45268149584739 3.3137455378284475 -18.18458275861456 2.9211019449941533 -28.782026747139156 20.126843804962434 12.861220564875978 6.003230190424009 -32.51667329452822 14.740077987790464 26.203979190148445 24.944514215891218 -12.568924856889653 7.198206977581335 -38.327468992943146 12.302573317591879 -14.216742803877073 34.96851324129076
0.8751141571296329 24.8035929215656 59.56319180949335 -1.811249194667555 46.92137926782432 14.194394183853536 70.87998928793667 8.4026665065498 66.84146261126352 41.732921075216254 13.76584803119346 11.888214747287275 3.3394037745698473 31.787473412847575 34.77777904111063 9.399193017657424 56.6623869796446 34.017649060803464 79.78504243315024 63.32328365991882 15.910419399953796
0.5044965973989024 -21.581080054547467 16.280041218978994 -14.825271276631998 48.9191040872399 -25.69514045812628 54.04832585718379 -31.551407001048876 47.48576549514631 -32.094028197259114 89.58090227273901 -2.1180793765535935 93.61749291471048 18.648635584283873 39.43418251873605 -46.83422152564974 95.28629491534674 -5.439502771529108 45.53323263526088 -44.30619771495494 19.877845118291713
0.8748926608850248 57.68824983011759 48.12974790756947 34.19245751539313 70.2092056282923 14.877140071823831 14.742655745480825 48.994615792196356 24.257970126873147 53.24231402666031 26.005802605325748 44.25856468847903 35.86946700220677 50.73288896431697 50.786896162375456 6.279638256347506 27.46923561895014 61.60490992069026 49.90277074644787 2.2273638497669976 2.360945426498895
0.6073061126538435 15.72262266388442 7.98981841863065 12.16238714719552 22.172102706149886 20.04341943995861 20.537103149870717 -35.276345878386245 27.29331356865877 -10.2430521971561 3.2103874922291964 -47.62421255572668 0.15854455798668532 25.681693223703768 44.72969961484648 -56.90626773907041 1.587186153691837 -1.1612801201038065 28.490089816314256 -22.238101388716792 26.40427228341191
1.37783453557229 23.05116949403241 43.441280228066645 19.716209337178242 35.29192885069307 -58.024037371892035 2.1290514362413298 -6.874435487721149 21.13061211971086 13.801850065000222 12.500990310882017 -34.154627271024914 8.871670467575903 16.303967756512275 52.92213164506285 -25.259105840512 13.069755778304149 7.610555498801428 28.516140330830545 12.907006413344812 13.353518475818841
1.4792500361917045 26.827532665776516 4.192333779193312 40.63442328853202 46.339883269136884 26.854174455989977 10.649210280567514 100.68579476759335 26.381046361776704 78.91602159465417 9.705617483438619 92.42449486953586 1.2044206824796788 92.33681180989421 40.650329810342285 95.0226087647714 10.90790703384434 42.94018795318923 19.499380038722222 67.93256860757046 32.10523007443314
0.5349884399844174 -44.90471374924767 11.776053522512566 26.970677911940854 22.97563608033775 -34.07691555688911 28.532368138208867 -17.78656490564415 10.928118706427021 -7.923426251587657 47.060494892625215 21.619263640651152 14.733008158036176 -11.4317628101492 40.66472771257965 -0.9935550323757636 8.341574410368903 42.58649148083882 15.993414714568411 32.956726895804834 59.43228367626523
0.5765294105787381 27.481376571551813 5.408192280873699 -12.068037990072916 51.53169118121181 38.21143757628499 18.522547080312968 -41.526825125327 51.65706805973498 1.9984690781774601 21.567157302798947 -14.812306771732555 43.30786764037882 18.916793565596723 35.690041778473486 -20.71676484231157 64.03355458920845 -28.69680304581617 57.122684236672384 -35.29272698384068 7.323224698278967
0.835487312764741 72.72626215219461 39.39817964810933 64.48531942883059 4.672407073695005 44.8624662546737 32.21860869347695 10.646111187706113 6.536260338833824 68.6641114739607 7.922927358621436 44.743077165100296 32.69451812480466 64.38767958049499 59.42051903091974 29.432133622854757 10.64051218624426 95.22536374338367 41.13972308887623 90.29201871588714 38.48139684086797
1.6533498979514563 4.699615744604956 22.43732606655761 55.957542375944655 46.55201457213236 37.07740063760892 48.43044093822555 61.648303260544026 64.0842113621871 52.39379334582514 81.41410436709323 85.48732276798721 42.07229114982726 -9.120490226523042 27.61898098685875 -8.630043523596544 38.01729950634839 78.44082210579454 39.09588642594982 17.089386434023993 45.78492722083212
0.8894839063421589 22.97508931430191 34.57432186476996 -2.507016570973061 13.622157149956404 7.317609241729093 29.344608571616973 4.255226007875489 6.015166213606415 -4.89508706602898 36.58923374286122 15.84830748910602 11.124428166420053 23.71963613899902 31.50642804580226 -15.021032797063501 0.7672834526678844 10.58111857399313 20.25874393997093 -3.661109453704041 33.525149855080485
0.6896280738629268 13.982431964616055 5.476984113575259 -8.97691208691432 22.952665667795944 41.9010372704049 50.30319530737698 41.855533920348506 44.722494166094144 -19.31639368337137 10.209966114388827 8.60817972395693 30.806738472172697 14.943332891785634 60.138769788279035 42.916811109746185 6.9613857207746115 43.00071755092832 13.843509871525129 -14.12436038767544 2.7468594049868438
0.6172519494059164 37.246702530956114 0.5818407688201859 44.71828817247408 35.05452134996793 4.427130256097382 14.795993995587876 0.4855998149626224 46.230685466151854 24.457525972523637 6.545494275992476 7.064293989548277 0.6729481697966899 -27.058280722640113 48.84236176782703 40.445121138611206 33.897131319983714 -8.911467579994913 81.91974221011756 -24.29347469368907 71.62459167960935
0.6052945341762576 29.472689207130323 9.817077728257363 67.47184353253316 69.13447866783528 61.11593511899534 45.61317141832812 25.25399863108056 24.628131997786955 40.189037671380646 6.747866072611995 22.44608314757233 26.686005534655504 87.53051286426964 40.329535960416116 54.17096056249924 5.731498089629692 41.917165968143394 54.32730505546347 34.27948803101485 0.3350860437570411
0.5344122357691363 11.61589972411631 9.513198601475795 24.911971876586207 23.247163733547286 32.90667880525764 18.363972884459795 -8.721257632915485 28.98748457822353 -36.92283099119042 18.108380115253624 7.592529197814052 39.894621989940816 -19.244261710124107 16.567336723282715 -1.7088121148717637 25.460509633838925 -22.34333075497164 18.300184847962637 -24.657848694366294 17.90323840240118
1.6399826103036488 -5.134335049419664 3.7600015115102554 12.154435497384078 49.73974485913494 89.14272657182497 1.8751649557568228 6.711002109169897 59.67486659853001 40.06801324148927 37.8851355722587 15.687163804678232 28.104387979129633 -12.159116566823434 14.426086529273352 76.89770046550777 1.1895521626961028 48.63508628259948 25.3622868883808 33.56937707024611 38.997080423455294
0.5001072995589696 -77.09128365954791 27.67345434529838 -83.40914407352172 11.410636025744246 -4.4698855555465205 3.0607592766941627 -64.40325792410064 27.97268044832473 -3.193976878036688 52.97727816602041 -33.00576049243124 6.574888334460874 10.56419077357521 51.04153700398296 -75.48770259273921 20.40571252881543 14.76474878082546 16.58741487274193 16.09724514333231 20.18664564387815
0.8373056816429764 5.4619049672918205 7.996066701784841 11.948886126055342 0.8582525246945694 -11.52466990150118 12.604337590016812 -8.436599016565044 33.05523267292711 21.244021427266386 10.0571767864359 27.73265428591676 34.252847981410916 14.771971130125378 44.535193303748855 -1.8108942947312618 16.739816958657986 8.595340123382362 21.833320994821253 35.03595643308214 20.884283798613282
0.5598555586112672 -6.937176785671456 7.991345930498933 8.88729547955241 46.35639849850378 32.55669457145399 13.4224974934869 -12.807453729831572 37.54046053973804 38.61807710589432 43.697081608287405 13.008841964577295 68.47437384900147 -9.284351126697775 21.029075806441735 3.5789766226361337 54.75622624973968 41.39263399093445 12.791394731275375 9.6999557714819 15.81474016982537
0.8948065706372598 2.9105086719261415 10.168474912133739 34.853218485529595 32.723974741333805 63.48373489336042 50.887938795132854 63.441668749004535 39.05027802203576 2.0646181736972182 15.335099036115235 8.171103267566581 20.977237429811545 19.402338723011734 6.655830055222295 58.61121219112582 17.04588182926292 7.503821535038018 29.517895358924378 13.770007221412937 54.92214466300635
1.23286613799119 0.20696756582518372 17.17928842630512 43.1115387007532 34.83976142982067 43.58685047253004 13.543037927118538 71.1399941662595 24.02012900647188 46.49209376285583 29.351999953973774 64.71170266004427 0.207452945566569 65.71208275260051 33.48245685140904 26.296715107868216 26.888511830930042 -1.3001831536430508 37.95648083200652 22.11339430696633 28.704379726045982
1.607861439391454 5.109335336454368 43.85491677224435 -4.603942214059387 86.00145181705875 14.995464454408062 52.36892533647466 4.394036106974113 53.90018055200806 1.4708768014518014 71.11792749847982 -17.338126256853805 66.13400471517515 -11.751922470243109 47.83199916613937 12.63630962002243 85.20647408667605 -32.09996644272921 93.0319169867586 -32.83600791642086 68.23555146259383
0.5249342464324862 -59.253147291261484 21.230539494471024 3.93095919396462 21.551165309535946 -46.083989186426884 18.424998544376493 -7.366827125315887 22.75925987609906 -13.016847168302379 39.517800936055764 -7.5933827222086165 24.585536286801148 -18.087151522968426 53.80145500556091 -48.381280662255065 17.733736204870674 -4.019492808529602 44.97224928988909 35.505434276980694 12.384578068070034
0.9712922329005969 2.4829333679942787 2.8410514453249034 60.13665233170053 70.34434898443664 38.698720948174255 58.830530094460364 50.528364724349586 15.366263278937723 34.961026599834355 22.18864613008882 51.14858638326869 12.397063406473768 31.543528250264877 16.963794845361317 39.95551901138931 70.1012977768323 33.6607485610849 2.5944959485011463 -3.499484059086358 0.978656276551302
1.3963288908337628 -2.3261114582165825 2.9712750450218195 5.077824287863045 43.268019250569424 -9.971233035200813 7.047301351509735 -2.7990071851167304 34.1253446736228 47.4840236289572 4.688178081411305 -23.709805672526524 18.93746170005826 -0.07340978530216447 39.92112355388357 42.911461700805205 38.98086116673218 56.38974415437376 2.6713274656278507 -9.358509982747773 22.638483013744814
0.5142282308319119 -18.080786601719353 38.10699542733251 4.124815709912864 4.9917552361503965 -78.95846260453777 15.281681958316856 -54.980390110936945 34.86949890234075 3.6699082730673203 3.2028799025979384 -65.80192787767052 6.706235745898951 -25.953096116345822 27.757217289244583 -77.89785907669929 27.044598302356313 -60.98147676764739 8.423191582005224 -90.7026929806793 26.98724647235283
0.6808409956346189 -4.619953197481672 2.0336934437682332 3.328101930953988 20.010269645997337 -20.282191689406147 1.3873487795824788 15.981376520912262 41.052456088837936 61.71279527355426 21.885703270553506 26.736532161369645 30.178903768428462 -12.423633553086056 19.620630742288128 35.64426889804703 14.018135192313279 57.58587022966818 25.438452023198323 50.461715820054636 14.003843269394242
0.5091286085402287 71.9737793576091 28.595186020665768 66.46644211471686 47.13430834406361 55.5517913872337 17.716602292768915 30.168727688008058 67.79218781571686 34.25014837890653 39.58766505830817 47.04024596309174 76.10111036044417 31.780321404317835 59.74519337524839 27.952679440976116 25.783571929635677 43.576587647673094 38.09969967728072 73.29783272532205 32.570657611442755
1.44623403928705 29.587300700430028 11.3324135603872 14.323975050696067 62.095802044903785 16.051090058078582 25.441825807453466 -11.958104896034623 6.53784291765124 -7.400174560522358 3.384554398025026 -4.647208003915633 50.58822004649452 19.673334574800222 25.74436623363301 -28.32855625606678 27.72535567683778 0.8239975829709465 64.42274002208798 29.043007268450445 23.344981435168275
0.9913146587554287 19.953820127571063 19.356982525319452 26.076984143299043 63.30446957241205 46.23193173240164 12.067380814007699 10.438744916507964 31.810601601088194 42.9967021304648 21.014886904206328 13.779885909045756 7.72831243236071 10.003810047437426 5.077204834854575 -2.577215115173815 35.1233127650527 22.282293329469418 6.1700311127411185 -4.953921973982272 29.39259370898557
1.4530627315058888 5.260540655065267 3.5523447376545225 15.92739236695789 71.82480740354663 -9.695490537856415 2.809396322024926 25.221002251589326 37.49988262285287 25.91788091153067 1.673198930336964 -47.38894393869864 52.30157715524635 -21.428891115300427 22.478627835541698 -28.45967431754111 67.5358394107602 -20.800995546515573 80.87563368182626 -30.402950062246383 56.52198917939256
0.6068335265435534 2.281180084129165 0.2556868807806352 29.737046281219992 11.746125533566913 -33.19257735579208 33.8848643846801 38.605204975781916 26.31118266960452 56.68348797644281 2.4911555347184766 -2.877776300921631 0.24418887361326447 55.17217542501258 6.2586339263972 15.135555088330715 4.752317947496458 -21.665936881046495 8.184647123640705 -37.6390634147538 31.608357168148412
0.5442107375696944 16.542185773731916 0.7814829621128334 -67.2106765949363 0.8578971694885382 -26.367861447488117 11.502163980897503 -61.85831951120846 0.27451554788927623 2.7079341572089213 27.4080658220713 -60.89786945214364 18.721277155526632 -39.532642213358 9.346776078908725 -42.55214097120565 45.89543904112395 -63.2970879188923 2.93280843971856 -17.579501912791024 19.962804093698512
1.4300112957137707 55.24811370896584 39.20238704955309 28.051752653284495 20.51799691390822 9.928027425689816 0.9161394480928298 13.451832902174033 8.617060334415507 15.018909987173233 1.8044356386275457 75.79052698468684 11.59350404559131 33.42424079117166 2.6675220888841737 37.285077999608795 24.747534496495504 43.93339745284677 22.807296664947483 7.627328486869072 21.4042945564181
1.2476955049286602 6.881200989599052 5.856906519971586 11.948995822524926 42.2474129817842 27.13816982015955 38.72617082068135 6.684802772597888 38.594634729279896 6.366531342996929 40.415613441884766 24.457349177347403 12.056464915297868 55.10226779225735 29.443617616301395 27.08416837136691 42.081730236041395 2.341767378213877 39.47953335066799 51.632165244418616 37.13577979769783
0.6632413156676047 -10.329796174474353 10.038520909440308 92.14052616685831 18.489388825336224 39.74195047062001 17.77185594215654 76.64501233762432 26.03044682662367 62.89091061334428 40.86617879582656 89.50472627798328 16.189278869059898 85.72707382131064 27.538564063799726 76.51358065781551 27.64356932350137 20.858916671703902 46.136041704656684 51.33254522165187 8.170954298070587
0.6808204867711206 5.9010787395631175 2.575491372623788 -25.781672620844677 47.95427884717056 -32.23678648703315 9.883291318236514 -14.938167497276755 47.044007781792075 -3.0041778784259616 34.063939388940874 -20.954899439692074 9.89096804034039 3.5429108203979247 45.72753472616656 -42.13874558837239 31.29050089016214 -17.556715311417182 24.216928458414834 -34.10711259738558 2.105620532637701
1.1114614550661976 46.95195053869535 6.60647091558502 22.55101364926358 37.76808523630175 36.55739261156967 55.8747605557252 10.233676146749337 29.101638389105094 18.46566624907192 55.161086304288446 -7.140594743689446 56.12343581158733 -10.056768359138514 26.504654598292774 -6.246650270015732 33.538467223085625 31.22166616875585 35.699245356702086 13.805426427307532 36.84708640054318
0.6604172367228701 12.07126861962373 26.611552123550467 40.486968885333845 61.78566029183557 -26.315741717726027 3.915591731009875 6.473251608507265 71.43102161517407 22.653722343193873 25.697700100987657 23.93579180047785 71.76531075978112 51.3021416451669 43.694090062635574 29.73121920064155 8.559549910452859 51.98859308690196 49.16036511752052 -33.667334209534346 2.378804049178145
0.5734364822934801 -2.7202896037141246 2.0423737210789823 -0.3429859957229464 18.131691161580292 14.861410379704235 35.012000624687495 45.54231545674158 12.155776675812293 25.872117462277725 20.4803310614004 13.817220464706168 26.84879182828557 -16.15594719506525 69.48990701077885 -2.836743681479742 65.35422560358873 -10.698308186951863 7.652271924165346 44.21116947542187 9.064180154956997
1.0059917249765087 20.91141143185977 12.661917803648207 39.13117353380832 16.440069857059697 6.265658253853421 21.02211146647612 10.510499250503608 84.21523545661839 57.812492495243994 27.98011702161903 60.522954965857274 0.1170631191903917 4.886255209596206 27.65495282023535 19.66027878350292 77.5730240291968 21.722036032901997 63.12394511160218 32.6393560051412 33.06227896738815
0.7618480038604102 8.576281655988632 10.533595993712327 66.34036462453874 9.932442467836058 47.38865783474602 41.71405979530254 26.775740540068682 1.9054863479887594 53.68363050302268 24.76354564131335 38.97462557275135 17.960340761002122 9.88864060215978 14.915596104061603 28.52682972925281 46.5822410938319 23.385079511575924 2.5176356803350775 -14.873365090025302 20.031395967132575
0.9406341703110458 3.0579683064444634 37.058030215481686 61.08385619868375 44.002653273283784 78.64427286429613 39.147312490543584 44.50879324040709 40.443362022042855 24.809470176827812 64.21003482966896 1.8504714617803923 35.1232842160384 39.73338227931029 4.249433780446381 -4.594273789005932 42.84735999813793 50.22904745772122 66.63248718428798 -13.139503458272708 16.77709726260181
1.2164358793159091 18.8910237179567 12.224381884896125 36.85759388054344 12.953827507878314 63.99324527385663 46.33206485294003 -18.708789250260992 0.7907619060390118 41.06685762738836 33.40276949990763 56.851468985376194 40.86125385034186 4.856876869147751 17.7127256338289 48.41580682574818 7.372615355943748 -30.16846016141191 26.804642316263582 24.913789848522256 29.18812373018978
0.5292021956473971 6.450448468090098 54.016445518655004 -3.574480535794084 51.35525350995255 32.64223059209485 92.15178387000086 7.390610852177314 48.422718235238946 34.966975767573174 48.01039540032719 8.5710321751182 32.49580953013257 17.708243619986877 11.958720176012955 -3.4049016444906144 38.746052628864796 33.41164017582841 68.90777978319568 9.97933932196788 45.00697488091953
0.6500262649104147 10.181766726713862 5.820549114317878 -33.86905104719474 12.775830277730018 23.395711446531443 21.933569268353146 23.616611771165402 34.81612409138975 22.58735527299536 10.14865487767455 -3.8661690725678604 45.842866579346 -22.133552356118432 41.13102384300834 0.08854624170938474 19.227131691159173 10.69031055844502 1.9359890095205192 -16.135911041754227 44.57416786342149
1.269366314404144 20.417151321678578 17.9440033317681 -34.53474640958529 82.97401529503534 37.33005645424057 22.997599017867127 42.11742283724142 31.352214472520373 -10.842246994326128 11.88512329417943 -26.48598325839858 75.91548649573753 -29.320966152432398 63.195298602052 -43.59862355695992 74.73892941352786 -5.969783119166914 34.92033794589703 40.34306264130763 44.709685448584025
1.8539630044509023 7.236257518460356 1.3552503264481393 0.9316555228318624 28.92625181223442 46.309293859124466 32.95652073528899 14.663019715285444 41.513927453251355 71.47611455132068 19.485354142595362 83.48255976023697 20.799831587755698 79.3591029973494 58.322197650883865 80.43062279637192 21.483032682510366 31.71136457995477 14.341232493442753 86.54471260247831 47.932468875191375
0.7864342415605062 -2.8218728856688404 1.2026988884740821 31.416898394908923 27.360879241124398 42.711801050228075 9.44760101406522 19.008664258629896 93.11451434317047 40.5099706672653 52.15417951973823 0.7127972593864964 45.06494587443491 -2.128740269305254 80.40802458481038 -15.22107794078598 8.261279192507438 28.09173880971516 60.274847035320676 -18.23303990481282 26.729711012540587
1.2459016460346783 -42.982954481130434 18.991368156638273 -38.76142956929398 14.591639263520198 -19.57143647417758 10.554365576467026 -9.51043941285946 9.395030995081001 -40.16459236193437 8.883926648507922 49.087496748930974 49.2492515448358 26.628323059078177 9.923768594159297 -7.335042400898995 55.02384303434114 21.664860148001754 57.51604740105897 33.637766307008704 77.499147820004
0.8025628800046067 -1.8160983069546779 2.889028405221848 -32.51264463947168 29.53728371628273 -22.196284976719493 25.783676509120053 -50.38160110551414 52.925061461492 2.35398431824298 0.03459280648539975 5.840485251214794 12.046133999927786 -13.428442080513154 60.67646090634646 -4.9502653067472195 9.232208981817074 -44.3015473529463 71.7308683072669 38.444430726644974 11.63012907634181
0.613561688177635 14.960335288314699 60.99212506814636 30.969073971085447 87.46030513760869 -18.54771662775378 29.82504209876531 24.35372742465041 20.076419500912294 3.4321018800142653 59.093691606639204 32.092526310137906 18.042215368524147 22.807938738909236 94.37543652253343 20.509639701877795 94.0490561490427 70.16306063117048 52.19080649178592 31.0248909255097 81.0142042946477
0.5505520817472133 17.171521328439013 6.427748329814007 -27.081945340027207 25.891081549910485 -21.423228532084217 12.432831376325849 2.9633931309508803 27.96995611621916 -45.96748883017915 21.472894492333616 13.328016429570102 13.976482236640638 -33.61779739720267 38.681638123792624 -57.5080027001221 14.022336261035566 9.517406611788797 19.201082771916898 -74.16995586474451 4.737736768841337
0.7664243427647668 14.220375139371136 3.1249805267453206 30.31073680471756 3.878501420470423 -18.30467360819145 21.705072065400127 10.557191607618229 6.385445482369372 2.558015966054434 8.892017336575355 6.023660599672282 3.7571136744400073 17.15625687773062 28.24716607981254 27.040569597854635 25.71225052476751 35.3716245632123 2.5798323690495044 13.139703426305974 28.432868305206927
0.8007825169327034 5.5403131652506925 3.639713934350999 -36.68936100642683 83.5168411895659 16.482460920894102 60.02306122304094 -9.201422879248565 1.0568259660888408 -0.30927807582575184 68.28381689396883 -19.349380360281476 71.1667308160183 39.50750654962712 21.054373201084644 4.018812595427363 79.76389294057685 -50.47190634631283 66.63862871695731 8.567045803769183 72.46809648243566
1.3266775215491344 8.084292640985637 13.351751731464336 31.575824860387126 41.02959449068729 85.2902048258023 49.85132771275788 60.376385865392265 24.70735040182453 10.197693828676101 8.478674033571425 68.35698389504195 9.877792345056378 46.54262000595649 15.63679172473434 42.0904243821787 63.41491783699738 51.205276908909326 53.389295438706434 54.89311564353231 49.138473716752756
0.7252049712546795 80.77483857544942 54.60140413007334 33.40456665011331 46.43846281813076 32.33011316795109 23.025523719345966 1.867002761695943 41.83662632923554 6.81486407799774 13.350437531757084 32.650926119622525 72.08176149252463 0.3975135808232366 69.38455455335784 65.5855413343148 32.68651167378731 70.7787546921916 41.57444443164087 22.341431702907023 29.182692965471393
0.6616838330117176 -2.907125890869886 11.782649206667868 29.643388515901574 35.1343464109215 11.2693461572391 80.3877843564407 -5.260372076007014 60.36673899264349 49.22967477218426 88.18679946662738 30.115692413213274 89.91686449694055 55.42170639901859 45.70924443005521 52.30038415264507 11.720356722184516 45.817901717990516 79.64080576247682 52.17032018552643 67.15958893519189
1.0885278780940861 2.3358877321307876 14.644601777774099 52.088222101245265 3.1074605016196912 28.721103672096604 22.885960211491877 4.673731884979439 75.31521738120557 7.306585385157717 71.90797061786785 58.969768660479474 23.045129959820155 41.66151930775952 41.577892887764115 44.717689193847505 39.60591187932677 3.4547959011287483 20.182243499821737 -20.207757716071235 16.570016971002772
1.11070164923516 24.706748478711262 12.889094815780584 33.05641678955315 22.13114629267121 5.699083738040825 18.106477980667336 -2.076954418282238 53.934904643631086 -6.891076783607787 55.74057866673616 -18.00883852401374 61.56031967628329 -19.747642230565152 65.44798527674833 -30.055120189911776 70.54869173775765 -14.34412392920019 15.677528384516526 -11.362023918803937 33.719993237720544
1.911024494798723 20.627950863581304 13.358604817213767 30.807008280381964 51.13538448756876 37.34059530825549 57.135549129818145 -5.083474315404004 2.1060410854275773 34.08534989777534 44.74533224024329 49.82061558284396 22.902767245124686 14.319266251140405 53.442001674058794 -14.103827851405109 21.972799508970958 32.35811875530117 90.62879234521304 6.009696658233236 18.95734307575957
1.092788293619551 8.324373960682532 4.723883726937881 -16.260298420232647 23.634573750976358 -19.823729725697017 9.596623578917388 48.5091712244133 39.45179032647052 -1.687497286881035 27.542882925475453 -0.8304617387556128 53.232769823649676 -1.1251374413660233 25.946219186748827 27.366684340507607 49.295731892714585 45.66001289712257 7.934150911514241 -36.98000004370636 18.319170215994593
0.5631940575735885 8.223714298730686 10.562846462128686 -16.948122609723658 32.370945731910325 -8.319255295039106 33.610794854140096 -9.94226298208941 45.699773662796915 32.9822165686216 34.1664810185327 -10.194991258732085 16.127286958560113 28.738797444126178 43.06622111530787 16.998287711030116 10.1741582647476 16.98130892749074 34.33426750289175 34.112332993005936 32.53690923547539
